 C (MLE)  N_c      C*
       0  488 0.68497
       1  188 0.02027
       2  307 0.59258
       3  335 0.51509
       4  290 0.17789
       5  478 0.43060
       6  436 0.43960
       7  458 0.51133
       8  495 0.99860
       9  291 0.50694
      10   89 0.38589
      11  371 0.77181
      12   38 0.66417
      13  400 0.20023
      14  350 0.19502
      15  327 0.95655
      16  327 0.39074
      17  232 0.32044
      18   67 0.72816
      19  411 0.70333
      20  295 0.78747
      21    7 0.25154
      22  230 0.75757
      23  231 0.47781
      24  340 0.51754
      25  227 0.58430
      26  394 0.44942
      27    2 0.70088
      28  362 0.24417
      29  237 0.78338
      30  154 0.14222
      31   67 0.80207
      32   99 0.89620
      33   13 0.48637
      34  460 0.99668
      35  263 0.76663
      36  219 0.34946
      37  431 0.13197
      38  449 0.98798
      39  422 0.95674
      40   68 0.89583
      41   39 0.24497
      42  174 0.08997
      43  452 0.21706
      44  374 0.37205
      45  452 0.36707
      46  152 0.72918
      47   58 0.15423
      48   76 0.08125
      49   98 0.35027
      50   81 0.30374
      51   21 0.28308
      52  326 0.18293
      53  185 0.91460
      54  123 0.62791
      55  306 0.17757
      56  425 0.39477
      57  445 0.81896
      58  287 0.87925
      59  490 0.66783
      60  100 0.47256
      61   45 0.32335
      62  459 0.77088
      63  148 0.13532
      64  487 0.46568
      65  402 0.78011
      66  486 0.22292
      67  146 0.05006
      68  284 0.30984
      69  417 0.40442
      70  449 0.19500
      71  221 0.77816
      72  445 0.58064
      73  446 0.24499
      74  230 0.86826
      75   18 0.88814
      76   49 0.56893
      77  499 0.60806
      78  306 0.51234
      79  458 0.38455
      80  318 0.46739
      81   47 0.09496
      82  438 0.50931
      83  132 0.94323
      84  240 0.60099
      85  394 0.09087
      86   42 0.33872
      87  486 0.44532
      88  176 0.11131
      89  294 0.73195
      90  459 0.99480
      91  433 0.87137
      92  123 0.69455
      93  403 0.12280
      94   56 0.92634
      95   34 0.33217
      96  403 0.53982
      97  353 0.69893
      98  144 0.31627
      99  475 0.24839